.Random.seed <-
c(403L, 10L, -97598933L, 1067365146L, 274041308L, -486850593L, 
-2116892747L, -1619041972L, -1903581278L, 1080938237L, -1420369929L, 
-516282082L, -765062184L, 581039419L, -816000295L, 1136414312L, 
1902825366L, -261866735L, -1241115453L, 2063080658L, -41350812L, 
1117482151L, 1148572157L, -768640012L, -849529638L, -1414523355L, 
-1072215233L, 939698374L, 335914320L, -298349197L, -2111793263L, 
-399758912L, -1190646882L, 338204009L, 385486235L, -1506324310L, 
738389708L, -1660301425L, -622470203L, -58884228L, 1023836114L, 
-186904755L, -925536761L, -514970130L, 1145411784L, 1769887691L, 
803430953L, 1166368888L, -1094091354L, -1102665791L, -774333357L, 
-300911870L, 1678366260L, 856904631L, -109259859L, 678795460L, 
369876202L, -71953579L, 1106035951L, -551105802L, -923568608L, 
-966169629L, 1586372737L, -652058896L, 1686637966L, -1232002311L, 
-2122948469L, -123901766L, 1549917116L, -428449537L, -625851307L, 
-297873556L, -1906614334L, -1109624803L, -900085609L, -695839234L, 
1460094392L, -513013349L, -2087776263L, -1544759480L, -964136330L, 
-338932815L, 268039651L, -1275868494L, 135456516L, -941687737L, 
-891970787L, 813515156L, 221472058L, -2116175483L, -574186913L, 
-1923990298L, 1337372528L, -1258934125L, 1174207793L, -816231456L, 
-1452394370L, 437863177L, -1246722757L, -1669244662L, -957765396L, 
-780790417L, 947403429L, -807037860L, 1317254194L, -50310355L, 
-639301145L, 759518478L, 1694362344L, -635312917L, -632013431L, 
-126640872L, 162267206L, -182785887L, 636858163L, -451518814L, 
327863700L, 145134615L, 1498362893L, -1256136412L, -1412559606L, 
891186293L, -1176746033L, -1735817002L, -1837201280L, 206919363L, 
107462753L, -1359408944L, 1689127470L, -1884996647L, -410663957L, 
-1231314342L, -1771441124L, 1746907423L, -928841355L, -360284148L, 
-379229726L, -1438788931L, 1148071223L, 1979216350L, -662792424L, 
717110907L, 1539886105L, 1539103912L, 800888406L, -927026479L, 
-999816573L, 489478418L, -1476305756L, -1347130265L, 210691517L, 
-1331669196L, 1095533722L, -1165972763L, 1114928255L, -1583133178L, 
-1194985072L, 523093043L, 322587601L, 793182592L, -98243490L, 
-81474647L, -2122272165L, -1299560854L, 1064258316L, -434586289L, 
-1827699195L, 1369926844L, -1445778030L, 954156685L, 1533459655L, 
-622372434L, -328006648L, -1235601397L, -510268183L, -509719624L, 
468399206L, 1189434625L, -974933101L, 501683266L, 247221236L, 
-1596865033L, -949831187L, -1524508028L, -521225046L, 331090453L, 
751376047L, -987147082L, -428571936L, -1207542237L, -1810030271L, 
-344515536L, -1406671282L, 1680986809L, 750438091L, -684892294L, 
-1800591748L, -1172643137L, -1965079659L, 927589292L, 1948469634L, 
-1570173091L, -1984961961L, 1260726590L, -1851496072L, 957899355L, 
241083833L, 500316168L, -66483530L, -2095480335L, 150321187L, 
52549746L, -1684215100L, -1829094265L, -2003398563L, -1059948972L, 
283866234L, 2056863685L, 215925023L, -708398938L, -928116176L, 
2097940691L, -1289599247L, -1741642208L, 524464318L, -622308151L, 
-530735493L, 1369574474L, -1326762836L, -859683534L, -473204800L, 
1860838964L, 1353001928L, -1101372230L, 901154704L, -675665428L, 
-2085252012L, -1795384686L, 511060768L, -962846260L, -917480480L, 
-1722083646L, -1745054168L, 1233235628L, 1086998204L, -696925710L, 
-1875470032L, -2044507996L, -1241597256L, 652631898L, 908688784L, 
-1751749252L, 280138004L, -18666174L, -663915776L, 2002725820L, 
9261904L, -1700616926L, 1588341064L, -926348276L, -1017037732L, 
78062802L, 1740907520L, 1661544276L, 1799641576L, -555074566L, 
1244465872L, 1284900140L, 742120692L, -1863310446L, 807545952L, 
45168908L, -1349084448L, 1157473634L, -1014843736L, -212173236L, 
2123961212L, -250437838L, 1883857520L, 1195905348L, -1339652136L, 
-1131690886L, -610915792L, 427011772L, 287919956L, 1969405506L, 
187596704L, -433677124L, 397611472L, 1317609826L, 1924327400L, 
1653504972L, 1927913212L, -783449102L, 1282315392L, 1047027956L, 
1156280456L, -1441730246L, 1573294928L, -981213076L, 1496292500L, 
-1279744686L, 911344352L, 577547468L, 1406954656L, -1203016318L, 
224034024L, -525824788L, 20400188L, 1651358834L, 2079800432L, 
76792356L, 1773868600L, -1072061926L, -737938224L, 1985316412L, 
1965297812L, -1075233662L, 1713658816L, 1999810876L, 945594000L, 
1757189154L, 2091704328L, -886692724L, -1187478500L, -1817956206L, 
82961536L, -1781781484L, 1236973352L, 1240799290L, 1837689040L, 
112978028L, 708337332L, -904942574L, -1224428576L, 1437721548L, 
1549234656L, -1617909726L, 1321968936L, 971854092L, 1789559356L, 
2058029298L, 688704752L, 2120128324L, -2015925160L, 689030714L, 
748916976L, -1576229188L, -213425644L, -2143310654L, 1493097056L, 
-1641045636L, -213807920L, 1721608226L, 1071793320L, 2073825676L, 
1954861500L, -1460249550L, 823990080L, -442314060L, -2141487800L, 
-776460614L, 270357264L, -1245824788L, 1023343700L, 1596119826L, 
-675988064L, -637560884L, -1315249312L, 925084866L, -805912024L, 
1076063660L, 794065724L, -1864556686L, -1587847376L, -609864668L, 
1935798840L, 393586394L, 127980432L, 989546748L, 276677012L, 
834876226L, 120904192L, -722668484L, -971449776L, 1362801826L, 
-780675256L, -1856725492L, 319278812L, -1939599278L, 1977335936L, 
873065300L, 1220203496L, -862502150L, -1661309104L, -1136742356L, 
-540016268L, 275964562L, 92353120L, -830090100L, 938288480L, 
-1701762846L, 1011249320L, 637782732L, -1195280900L, -138403918L, 
-1501550608L, 249169348L, 1808562520L, -544238214L, 300823984L, 
-929236548L, -1129461164L, 1635560898L, 744061728L, -377271364L, 
151979088L, -1724051486L, 1639527272L, -410466484L, -1646925060L, 
71924466L, 701526272L, -2083597196L, 592013832L, -376522310L, 
-1026954800L, 1639451628L, 1228961684L, -1377616686L, -982357920L, 
-650309300L, -970770656L, 1367480962L, -59987480L, -155069460L, 
1916939836L, 1791224434L, -472486032L, -1209933532L, 1315860024L, 
-803848806L, 1283425744L, 1844797884L, -295046508L, 120948354L, 
157700544L, -318288068L, -1151228272L, -704531678L, 102925832L, 
98080524L, 1254569884L, -1905168366L, -1193966720L, -71028972L, 
554926005L, -883314529L, -1897206536L, 78976214L, 1141359971L, 
1538584869L, 537372354L, -1730059344L, 1718697945L, 1867086155L, 
651952060L, -759539734L, 1229029407L, -2105178455L, -1195320770L, 
1184753452L, 663601533L, -499687481L, 1985357488L, -1994816306L, 
-31330821L, 239769181L, 1750393226L, 1100700072L, 25745169L, 
-1967839741L, -2033737468L, 139515186L, 473138055L, 800068049L, 
718515030L, -749395660L, -519159739L, 1046677647L, -1900976632L, 
876399142L, 557800147L, 2137795637L, -829131886L, 372151136L, 
1851240137L, 450515451L, -549323316L, -479425446L, -1278168753L, 
-2114629607L, 490305070L, 1828396092L, 1788238253L, 318052951L, 
-2056416352L, -1327548162L, 1348176843L, -1195536947L, -922664710L, 
2102149944L, -1768791839L, 1311191955L, 1923987380L, 1251355842L, 
-1602469673L, 2046786849L, -481497882L, 2000120292L, 896869653L, 
1253424447L, -1354829608L, 418066678L, 1558203139L, 282229829L, 
611832930L, 1625940944L, 2099136761L, 411451947L, -1284952676L, 
1551373770L, 2064271039L, 686073865L, 102816030L, 1245650124L, 
-309774179L, 1980497191L, -1760276656L, 289047022L, 1967351451L, 
-1236432643L, -1643540502L, 1919105160L, 1069614641L, 1990623395L, 
-1754614620L, 1279382866L, -1247502169L, 551679217L, 988668982L, 
-123523884L, 1353502821L, 579557999L, 103322792L, 174715398L, 
-551414989L, 1661020053L, -325770254L, 258791488L, 628713897L, 
-208000997L, -1873742356L, 2009220602L, 681710127L, 1326612025L, 
-2042582962L, 169668764L, -1960291827L, 335703671L, -1563023744L, 
-1350720290L, -177334357L, 2105276589L, 351362330L, -721716776L, 
601915969L, 686807283L, 1517590292L, -214942046L, -1407666249L, 
910484353L, -91401850L, 978510788L, 1164996341L, 634190687L, 
1033684408L, -1488528234L, 1029730979L, 146183269L, 781328770L, 
1096129264L, -1154355559L, -845761909L, 186577788L, -1880971862L, 
-2036732449L, -1868416151L, -1176552578L, 378278764L, 1043478461L, 
-1100659577L, 1165359216L, 532718350L, -1308700613L, 343260957L, 
